=== Baduk ===
 Diff | Precision |  Recall |      F1
------------------------------------
    0 |   0.28571 | 0.80000 | 0.42105
    1 |   0.28571 | 0.80000 | 0.42105
    2 |   0.28571 | 0.80000 | 0.42105
    3 |   0.28571 | 0.80000 | 0.42105
    4 |   0.28571 | 0.80000 | 0.42105
    5 |   0.28571 | 0.80000 | 0.42105
    6 |   0.28571 | 0.80000 | 0.42105
    7 |   0.28571 | 0.80000 | 0.42105
    8 |   0.28571 | 0.80000 | 0.42105
    9 |   0.28571 | 0.80000 | 0.42105
   10 |   0.28571 | 0.80000 | 0.42105
   11 |   0.28571 | 0.80000 | 0.42105
   12 |   0.28571 | 0.80000 | 0.42105
   13 |   0.28571 | 0.80000 | 0.42105
   14 |   0.28571 | 0.80000 | 0.42105
   15 |   0.28571 | 0.80000 | 0.42105
   16 |   0.28571 | 0.80000 | 0.42105
   17 |   0.28571 | 0.80000 | 0.42105
   18 |   0.28571 | 0.80000 | 0.42105
   19 |   0.28571 | 0.80000 | 0.42105
   20 |   0.28571 | 0.80000 | 0.42105
   21 |   0.28571 | 0.80000 | 0.42105
   22 |   0.28571 | 0.80000 | 0.42105
   23 |   0.28571 | 0.80000 | 0.42105
   24 |   0.28571 | 0.80000 | 0.42105
   25 |   0.28571 | 0.80000 | 0.42105
   26 |   0.28571 | 0.80000 | 0.42105
   27 |   0.28571 | 0.80000 | 0.42105
   28 |   0.28571 | 0.80000 | 0.42105
   29 |   0.30769 | 0.80000 | 0.44444
   30 |   0.30769 | 0.80000 | 0.44444
   31 |   0.30769 | 0.80000 | 0.44444
   32 |   0.30769 | 0.80000 | 0.44444
   33 |   0.30769 | 0.80000 | 0.44444
   34 |   0.30769 | 0.80000 | 0.44444
   35 |   0.30769 | 0.80000 | 0.44444
   36 |   0.30769 | 0.80000 | 0.44444
   37 |   0.30769 | 0.80000 | 0.44444
   38 |   0.30769 | 0.80000 | 0.44444
   39 |   0.30769 | 0.80000 | 0.44444
   40 |   0.30769 | 0.80000 | 0.44444
   41 |   0.30769 | 0.80000 | 0.44444
   42 |   0.30769 | 0.80000 | 0.44444
   43 |   0.30769 | 0.80000 | 0.44444
   44 |   0.30769 | 0.80000 | 0.44444
   45 |   0.30769 | 0.80000 | 0.44444
   46 |   0.30769 | 0.80000 | 0.44444
   47 |   0.30769 | 0.80000 | 0.44444
   48 |   0.30769 | 0.80000 | 0.44444
   49 |   0.30769 | 0.80000 | 0.44444
   50 |   0.30769 | 0.80000 | 0.44444
   51 |   0.30769 | 0.80000 | 0.44444
   52 |   0.30769 | 0.80000 | 0.44444
   53 |   0.30769 | 0.80000 | 0.44444
   54 |   0.30769 | 0.80000 | 0.44444
   55 |   0.30769 | 0.80000 | 0.44444
   56 |   0.30769 | 0.80000 | 0.44444
   57 |   0.30769 | 0.80000 | 0.44444
   58 |   0.30769 | 0.80000 | 0.44444
   59 |   0.30769 | 0.80000 | 0.44444
   60 |   0.30769 | 0.80000 | 0.44444
   61 |   0.30769 | 0.80000 | 0.44444
   62 |   0.30769 | 0.80000 | 0.44444
   63 |   0.30769 | 0.80000 | 0.44444
   64 |   0.30769 | 0.80000 | 0.44444
   65 |   0.33333 | 0.80000 | 0.47059
   66 |   0.27273 | 0.60000 | 0.37500
   67 |   0.27273 | 0.60000 | 0.37500
   68 |   0.27273 | 0.60000 | 0.37500
   69 |   0.27273 | 0.60000 | 0.37500
   70 |   0.30000 | 0.60000 | 0.40000
   71 |   0.30000 | 0.60000 | 0.40000
   72 |   0.33333 | 0.60000 | 0.42857
   73 |   0.33333 | 0.60000 | 0.42857
   74 |   0.33333 | 0.60000 | 0.42857
   75 |   0.33333 | 0.60000 | 0.42857
   76 |   0.33333 | 0.60000 | 0.42857
   77 |   0.33333 | 0.60000 | 0.42857
   78 |   0.37500 | 0.60000 | 0.46154
   79 |   0.37500 | 0.60000 | 0.46154
   80 |   0.37500 | 0.60000 | 0.46154
   81 |   0.37500 | 0.60000 | 0.46154
   82 |   0.42857 | 0.60000 | 0.50000
   83 |   0.50000 | 0.60000 | 0.54545
   84 |   0.40000 | 0.40000 | 0.40000
   85 |   0.40000 | 0.40000 | 0.40000
   86 |   0.40000 | 0.40000 | 0.40000
   87 |   0.40000 | 0.40000 | 0.40000
   88 |   0.40000 | 0.40000 | 0.40000
   89 |   0.40000 | 0.40000 | 0.40000
   90 |   0.40000 | 0.40000 | 0.40000
   91 |   0.40000 | 0.40000 | 0.40000
   92 |   0.40000 | 0.40000 | 0.40000
   93 |   0.40000 | 0.40000 | 0.40000
   94 |   0.40000 | 0.40000 | 0.40000
   95 |   0.40000 | 0.40000 | 0.40000
   96 |   0.40000 | 0.40000 | 0.40000
   97 |   0.40000 | 0.40000 | 0.40000
   98 |   0.40000 | 0.40000 | 0.40000
   99 |   0.25000 | 0.20000 | 0.22222
  100 |   0.25000 | 0.20000 | 0.22222
  101 |   0.25000 | 0.20000 | 0.22222
  102 |   0.25000 | 0.20000 | 0.22222
  103 |   0.25000 | 0.20000 | 0.22222
  104 |   0.25000 | 0.20000 | 0.22222
  105 |   0.25000 | 0.20000 | 0.22222
  106 |   0.25000 | 0.20000 | 0.22222
  107 |   0.25000 | 0.20000 | 0.22222
  108 |   0.25000 | 0.20000 | 0.22222
  109 |   0.25000 | 0.20000 | 0.22222
  110 |   0.00000 | 0.00000 | 0.00000
  111 |   0.00000 | 0.00000 | 0.00000
  112 |   0.00000 | 0.00000 | 0.00000
  113 |   0.00000 | 0.00000 | 0.00000
  114 |   0.00000 | 0.00000 | 0.00000
  115 |   0.00000 | 0.00000 | 0.00000
  116 |   0.00000 | 0.00000 | 0.00000
  117 |   0.00000 | 0.00000 | 0.00000
  118 |   0.00000 | 0.00000 | 0.00000
  119 |   0.00000 | 0.00000 | 0.00000
  120 |   0.00000 | 0.00000 | 0.00000
  121 |   0.00000 | 0.00000 | 0.00000
  122 |   0.00000 | 0.00000 | 0.00000
  123 |   0.00000 | 0.00000 | 0.00000
  124 |   0.00000 | 0.00000 | 0.00000
  125 |   0.00000 | 0.00000 | 0.00000
  126 |   0.00000 | 0.00000 | 0.00000
  127 |   0.00000 | 0.00000 | 0.00000
  128 |   0.00000 | 0.00000 | 0.00000
  129 |   0.00000 | 0.00000 | 0.00000
  130 |   0.00000 | 0.00000 | 0.00000
  131 |   0.00000 | 0.00000 | 0.00000
  132 |   0.00000 | 0.00000 | 0.00000
  133 |   0.00000 | 0.00000 | 0.00000
  134 |   0.00000 | 0.00000 | 0.00000
  135 |   0.00000 | 0.00000 | 0.00000
  136 |   0.00000 | 0.00000 | 0.00000
  137 |   0.00000 | 0.00000 | 0.00000
  138 |   0.00000 | 0.00000 | 0.00000
  139 |   0.00000 | 0.00000 | 0.00000
  140 |   0.00000 | 0.00000 | 0.00000
  141 |   0.00000 | 0.00000 | 0.00000
  142 |   0.00000 | 0.00000 | 0.00000
  143 |   0.00000 | 0.00000 | 0.00000
  144 |   0.00000 | 0.00000 | 0.00000
  145 |   0.00000 | 0.00000 | 0.00000
  146 |   0.00000 | 0.00000 | 0.00000
  147 |   0.00000 | 0.00000 | 0.00000
  148 |   0.00000 | 0.00000 | 0.00000
  149 |   0.00000 | 0.00000 | 0.00000
  150 |   0.00000 | 0.00000 | 0.00000
  151 |   0.00000 | 0.00000 | 0.00000
  152 |   0.00000 | 0.00000 | 0.00000
  153 |   0.00000 | 0.00000 | 0.00000
  154 |   0.00000 | 0.00000 | 0.00000
  155 |   0.00000 | 0.00000 | 0.00000
  156 |   0.00000 | 0.00000 | 0.00000
  157 |   0.00000 | 0.00000 | 0.00000
  158 |   0.00000 | 0.00000 | 0.00000
  159 |   0.00000 | 0.00000 | 0.00000
  160 |   0.00000 | 0.00000 | 0.00000
  161 |   0.00000 | 0.00000 | 0.00000
  162 |   0.00000 | 0.00000 | 0.00000
  163 |   0.00000 | 0.00000 | 0.00000
  164 |   0.00000 | 0.00000 | 0.00000
  165 |   0.00000 | 0.00000 | 0.00000
  166 |   0.00000 | 0.00000 | 0.00000
  167 |   0.00000 | 0.00000 | 0.00000
  168 |   0.00000 | 0.00000 | 0.00000
  169 |   0.00000 | 0.00000 | 0.00000
  170 |   0.00000 | 0.00000 | 0.00000
  171 |   0.00000 | 0.00000 | 0.00000
  172 |   0.00000 | 0.00000 | 0.00000
  173 |   0.00000 | 0.00000 | 0.00000
  174 |   0.00000 | 0.00000 | 0.00000
  175 |   0.00000 | 0.00000 | 0.00000
  176 |   0.00000 | 0.00000 | 0.00000
  177 |   0.00000 | 0.00000 | 0.00000
  178 |   0.00000 | 0.00000 | 0.00000
  179 |   0.00000 | 0.00000 | 0.00000
  180 |   0.00000 | 0.00000 | 0.00000
  181 |   0.00000 | 0.00000 | 0.00000
  182 |   0.00000 | 0.00000 | 0.00000
  183 |   0.00000 | 0.00000 | 0.00000
  184 |   0.00000 | 0.00000 | 0.00000
  185 |   0.00000 | 0.00000 | 0.00000
  186 |   0.00000 | 0.00000 | 0.00000
  187 |   0.00000 | 0.00000 | 0.00000
  188 |   0.00000 | 0.00000 | 0.00000
  189 |   0.00000 | 0.00000 | 0.00000
  190 |   0.00000 | 0.00000 | 0.00000
  191 |   0.00000 | 0.00000 | 0.00000
  192 |   0.00000 | 0.00000 | 0.00000
  193 |   0.00000 | 0.00000 | 0.00000
  194 |   0.00000 | 0.00000 | 0.00000
  195 |   0.00000 | 0.00000 | 0.00000
  196 |   0.00000 | 0.00000 | 0.00000
  197 |   0.00000 | 0.00000 | 0.00000
  198 |   0.00000 | 0.00000 | 0.00000
  199 |   0.00000 | 0.00000 | 0.00000
