=== Global Evaluation (Threshold 0~200) ===
 Diff | Precision |    Recall |        F1 |   Removed
-------------------------------------------------------
    0 |   0.00892 |   0.78261 |   0.01763 |         0
    1 |   0.00924 |   0.78261 |   0.01826 |       291
    2 |   0.00924 |   0.78261 |   0.01826 |       292
    3 |   0.00926 |   0.78261 |   0.01830 |       300
    4 |   0.00926 |   0.78261 |   0.01831 |       307
    5 |   0.00929 |   0.78261 |   0.01836 |       323
    6 |   0.00934 |   0.78261 |   0.01846 |       342
    7 |   0.00936 |   0.78261 |   0.01850 |       354
    8 |   0.00938 |   0.78261 |   0.01855 |       376
    9 |   0.00942 |   0.78261 |   0.01862 |       396
   10 |   0.00946 |   0.78261 |   0.01869 |       414
   11 |   0.00953 |   0.78261 |   0.01884 |       442
   12 |   0.00956 |   0.78261 |   0.01890 |       466
   13 |   0.00964 |   0.78261 |   0.01905 |       496
   14 |   0.00967 |   0.78261 |   0.01911 |       518
   15 |   0.00974 |   0.78261 |   0.01924 |       548
   16 |   0.00984 |   0.78261 |   0.01944 |       584
   17 |   0.00996 |   0.78261 |   0.01967 |       626
   18 |   0.01005 |   0.78261 |   0.01985 |       654
   19 |   0.01015 |   0.78261 |   0.02004 |       696
   20 |   0.01023 |   0.78261 |   0.02020 |       730
   21 |   0.01035 |   0.78261 |   0.02043 |       761
   22 |   0.01043 |   0.78261 |   0.02058 |       793
   23 |   0.01058 |   0.78261 |   0.02087 |       836
   24 |   0.01077 |   0.78261 |   0.02125 |       884
   25 |   0.01101 |   0.78261 |   0.02171 |       935
   26 |   0.01136 |   0.78261 |   0.02239 |      1006
   27 |   0.01173 |   0.78261 |   0.02312 |      1073
   28 |   0.01220 |   0.78261 |   0.02403 |      1143
   29 |   0.01275 |   0.78261 |   0.02509 |      1214
   30 |   0.01340 |   0.78261 |   0.02635 |      1296
   31 |   0.01348 |   0.73913 |   0.02648 |      1397
   32 |   0.01326 |   0.69565 |   0.02602 |      1466
   33 |   0.01417 |   0.69565 |   0.02778 |      1555
   34 |   0.01501 |   0.69565 |   0.02938 |      1628
   35 |   0.01466 |   0.65217 |   0.02868 |      1687
   36 |   0.01524 |   0.65217 |   0.02979 |      1739
   37 |   0.01586 |   0.65217 |   0.03096 |      1790
   38 |   0.01645 |   0.65217 |   0.03209 |      1832
   39 |   0.01674 |   0.65217 |   0.03264 |      1863
   40 |   0.01611 |   0.60870 |   0.03139 |      1905
   41 |   0.01665 |   0.60870 |   0.03241 |      1950
   42 |   0.01718 |   0.60870 |   0.03341 |      1989
   43 |   0.01646 |   0.56522 |   0.03198 |      2034
   44 |   0.01713 |   0.56522 |   0.03325 |      2086
   45 |   0.01783 |   0.56522 |   0.03457 |      2127
   46 |   0.01854 |   0.56522 |   0.03591 |      2167
   47 |   0.01892 |   0.56522 |   0.03662 |      2201
   48 |   0.01929 |   0.56522 |   0.03730 |      2230
   49 |   0.02000 |   0.56522 |   0.03863 |      2280
   50 |   0.02067 |   0.56522 |   0.03988 |      2322
   51 |   0.02110 |   0.56522 |   0.04069 |      2365
   52 |   0.02010 |   0.52174 |   0.03871 |      2404
   53 |   0.02087 |   0.52174 |   0.04013 |      2446
   54 |   0.02202 |   0.52174 |   0.04225 |      2509
   55 |   0.02277 |   0.52174 |   0.04364 |      2556
   56 |   0.02362 |   0.52174 |   0.04520 |      2600
   57 |   0.02419 |   0.52174 |   0.04624 |      2639
   58 |   0.02083 |   0.43478 |   0.03976 |      2666
   59 |   0.02179 |   0.43478 |   0.04149 |      2706
   60 |   0.02242 |   0.43478 |   0.04264 |      2745
   61 |   0.02069 |   0.39130 |   0.03930 |      2781
   62 |   0.02133 |   0.39130 |   0.04045 |      2824
   63 |   0.02200 |   0.39130 |   0.04167 |      2865
   64 |   0.02284 |   0.39130 |   0.04317 |      2901
   65 |   0.02375 |   0.39130 |   0.04478 |      2947
   66 |   0.02486 |   0.39130 |   0.04675 |      2989
   67 |   0.02579 |   0.39130 |   0.04839 |      3031
   68 |   0.02096 |   0.30435 |   0.03922 |      3076
   69 |   0.01881 |   0.26087 |   0.03509 |      3119
   70 |   0.01961 |   0.26087 |   0.03647 |      3172
   71 |   0.02105 |   0.26087 |   0.03896 |      3246
   72 |   0.02158 |   0.26087 |   0.03987 |      3280
   73 |   0.02239 |   0.26087 |   0.04124 |      3317
   74 |   0.02362 |   0.26087 |   0.04332 |      3359
   75 |   0.02479 |   0.26087 |   0.04528 |      3391
   76 |   0.02575 |   0.26087 |   0.04687 |      3427
   77 |   0.02691 |   0.26087 |   0.04878 |      3459
   78 |   0.02336 |   0.21739 |   0.04219 |      3493
   79 |   0.02370 |   0.21739 |   0.04274 |      3524
   80 |   0.02451 |   0.21739 |   0.04405 |      3560
   81 |   0.02564 |   0.21739 |   0.04587 |      3595
   82 |   0.02632 |   0.21739 |   0.04695 |      3614
   83 |   0.02222 |   0.17391 |   0.03941 |      3634
   84 |   0.02299 |   0.17391 |   0.04061 |      3651
   85 |   0.02312 |   0.17391 |   0.04082 |      3668
   86 |   0.02410 |   0.17391 |   0.04233 |      3693
   87 |   0.02500 |   0.17391 |   0.04372 |      3716
   88 |   0.02581 |   0.17391 |   0.04494 |      3734
   89 |   0.02685 |   0.17391 |   0.04651 |      3748
   90 |   0.02740 |   0.17391 |   0.04734 |      3761
   91 |   0.02837 |   0.17391 |   0.04878 |      3771
   92 |   0.02920 |   0.17391 |   0.05000 |      3799
   93 |   0.02273 |   0.13043 |   0.03871 |      3815
   94 |   0.02400 |   0.13043 |   0.04054 |      3828
   95 |   0.01695 |   0.08696 |   0.02837 |      3841
   96 |   0.01724 |   0.08696 |   0.02878 |      3846
   97 |   0.01770 |   0.08696 |   0.02941 |      3856
   98 |   0.01770 |   0.08696 |   0.02941 |      3863
   99 |   0.01802 |   0.08696 |   0.02985 |      3867
  100 |   0.01818 |   0.08696 |   0.03008 |      3872
  101 |   0.01818 |   0.08696 |   0.03008 |      3876
  102 |   0.01869 |   0.08696 |   0.03077 |      3881
  103 |   0.01942 |   0.08696 |   0.03175 |      3888
  104 |   0.01942 |   0.08696 |   0.03175 |      3890
  105 |   0.01961 |   0.08696 |   0.03200 |      3892
  106 |   0.01980 |   0.08696 |   0.03226 |      3895
  107 |   0.01980 |   0.08696 |   0.03226 |      3896
  108 |   0.01980 |   0.08696 |   0.03226 |      3901
  109 |   0.01980 |   0.08696 |   0.03226 |      3904
  110 |   0.01031 |   0.04348 |   0.01667 |      3909
  111 |   0.01031 |   0.04348 |   0.01667 |      3912
  112 |   0.01042 |   0.04348 |   0.01681 |      3914
  113 |   0.01053 |   0.04348 |   0.01695 |      3916
  114 |   0.01064 |   0.04348 |   0.01709 |      3918
  115 |   0.01064 |   0.04348 |   0.01709 |      3919
  116 |   0.01075 |   0.04348 |   0.01724 |      3923
  117 |   0.01075 |   0.04348 |   0.01724 |      3924
  118 |   0.01075 |   0.04348 |   0.01724 |      3924
  119 |   0.01075 |   0.04348 |   0.01724 |      3924
  120 |   0.01075 |   0.04348 |   0.01724 |      3924
  121 |   0.01075 |   0.04348 |   0.01724 |      3926
  122 |   0.01087 |   0.04348 |   0.01739 |      3928
  123 |   0.01099 |   0.04348 |   0.01754 |      3931
  124 |   0.01099 |   0.04348 |   0.01754 |      3933
  125 |   0.01099 |   0.04348 |   0.01754 |      3933
  126 |   0.01099 |   0.04348 |   0.01754 |      3933
  127 |   0.01111 |   0.04348 |   0.01770 |      3936
  128 |   0.01124 |   0.04348 |   0.01786 |      3937
  129 |   0.01124 |   0.04348 |   0.01786 |      3937
  130 |   0.01124 |   0.04348 |   0.01786 |      3937
  131 |   0.01124 |   0.04348 |   0.01786 |      3937
  132 |   0.01124 |   0.04348 |   0.01786 |      3938
  133 |   0.01124 |   0.04348 |   0.01786 |      3939
  134 |   0.01124 |   0.04348 |   0.01786 |      3939
  135 |   0.01124 |   0.04348 |   0.01786 |      3940
  136 |   0.01124 |   0.04348 |   0.01786 |      3940
  137 |   0.01124 |   0.04348 |   0.01786 |      3940
  138 |   0.01124 |   0.04348 |   0.01786 |      3940
  139 |   0.01124 |   0.04348 |   0.01786 |      3940
  140 |   0.01124 |   0.04348 |   0.01786 |      3940
  141 |   0.01124 |   0.04348 |   0.01786 |      3941
  142 |   0.01124 |   0.04348 |   0.01786 |      3941
  143 |   0.01124 |   0.04348 |   0.01786 |      3941
  144 |   0.01124 |   0.04348 |   0.01786 |      3941
  145 |   0.01124 |   0.04348 |   0.01786 |      3941
  146 |   0.01124 |   0.04348 |   0.01786 |      3941
  147 |   0.01124 |   0.04348 |   0.01786 |      3941
  148 |   0.01124 |   0.04348 |   0.01786 |      3941
  149 |   0.01124 |   0.04348 |   0.01786 |      3941
  150 |   0.01124 |   0.04348 |   0.01786 |      3941
  151 |   0.01124 |   0.04348 |   0.01786 |      3941
  152 |   0.01124 |   0.04348 |   0.01786 |      3941
  153 |   0.01124 |   0.04348 |   0.01786 |      3941
  154 |   0.01124 |   0.04348 |   0.01786 |      3941
  155 |   0.01124 |   0.04348 |   0.01786 |      3941
  156 |   0.01124 |   0.04348 |   0.01786 |      3941
  157 |   0.01124 |   0.04348 |   0.01786 |      3941
  158 |   0.01124 |   0.04348 |   0.01786 |      3941
  159 |   0.01124 |   0.04348 |   0.01786 |      3941
  160 |   0.01124 |   0.04348 |   0.01786 |      3941
  161 |   0.01124 |   0.04348 |   0.01786 |      3941
  162 |   0.01124 |   0.04348 |   0.01786 |      3941
  163 |   0.01124 |   0.04348 |   0.01786 |      3941
  164 |   0.01124 |   0.04348 |   0.01786 |      3941
  165 |   0.00000 |   0.00000 |   0.00000 |      3942
  166 |   0.00000 |   0.00000 |   0.00000 |      3942
  167 |   0.00000 |   0.00000 |   0.00000 |      3942
  168 |   0.00000 |   0.00000 |   0.00000 |      3942
  169 |   0.00000 |   0.00000 |   0.00000 |      3942
  170 |   0.00000 |   0.00000 |   0.00000 |      3942
  171 |   0.00000 |   0.00000 |   0.00000 |      3942
  172 |   0.00000 |   0.00000 |   0.00000 |      3942
  173 |   0.00000 |   0.00000 |   0.00000 |      3942
  174 |   0.00000 |   0.00000 |   0.00000 |      3942
  175 |   0.00000 |   0.00000 |   0.00000 |      3942
  176 |   0.00000 |   0.00000 |   0.00000 |      3942
  177 |   0.00000 |   0.00000 |   0.00000 |      3942
  178 |   0.00000 |   0.00000 |   0.00000 |      3942
  179 |   0.00000 |   0.00000 |   0.00000 |      3942
  180 |   0.00000 |   0.00000 |   0.00000 |      3942
  181 |   0.00000 |   0.00000 |   0.00000 |      3942
  182 |   0.00000 |   0.00000 |   0.00000 |      3942
  183 |   0.00000 |   0.00000 |   0.00000 |      3942
  184 |   0.00000 |   0.00000 |   0.00000 |      3942
  185 |   0.00000 |   0.00000 |   0.00000 |      3942
  186 |   0.00000 |   0.00000 |   0.00000 |      3942
  187 |   0.00000 |   0.00000 |   0.00000 |      3942
  188 |   0.00000 |   0.00000 |   0.00000 |      3942
  189 |   0.00000 |   0.00000 |   0.00000 |      3942
  190 |   0.00000 |   0.00000 |   0.00000 |      3942
  191 |   0.00000 |   0.00000 |   0.00000 |      3942
  192 |   0.00000 |   0.00000 |   0.00000 |      3942
  193 |   0.00000 |   0.00000 |   0.00000 |      3942
  194 |   0.00000 |   0.00000 |   0.00000 |      3942
  195 |   0.00000 |   0.00000 |   0.00000 |      3942
  196 |   0.00000 |   0.00000 |   0.00000 |      3942
  197 |   0.00000 |   0.00000 |   0.00000 |      3942
  198 |   0.00000 |   0.00000 |   0.00000 |      3942
  199 |   0.00000 |   0.00000 |   0.00000 |      3942
  200 |   0.00000 |   0.00000 |   0.00000 |      3942

[Best Point: Recall 유지하며 Precision 최대]
Threshold = 30
Precision = 0.01340
Recall = 0.78261
F1 = 0.02635
Removed Functions = 1296
