=== Global Evaluation (Threshold 0~200) ===
 Diff | Precision |    Recall |        F1 |   Removed
-------------------------------------------------------
    0 |   0.00892 |   0.78261 |   0.01763 |         0
    1 |   0.00927 |   0.78261 |   0.01833 |       326
    2 |   0.00927 |   0.78261 |   0.01833 |       327
    3 |   0.00929 |   0.78261 |   0.01837 |       336
    4 |   0.00930 |   0.78261 |   0.01838 |       342
    5 |   0.00934 |   0.78261 |   0.01845 |       362
    6 |   0.00939 |   0.78261 |   0.01856 |       381
    7 |   0.00941 |   0.78261 |   0.01860 |       395
    8 |   0.00944 |   0.78261 |   0.01866 |       420
    9 |   0.00949 |   0.78261 |   0.01875 |       441
   10 |   0.00953 |   0.78261 |   0.01883 |       460
   11 |   0.00961 |   0.78261 |   0.01898 |       488
   12 |   0.00964 |   0.78261 |   0.01905 |       516
   13 |   0.00972 |   0.78261 |   0.01921 |       551
   14 |   0.00977 |   0.78261 |   0.01930 |       581
   15 |   0.00983 |   0.78261 |   0.01942 |       608
   16 |   0.00994 |   0.78261 |   0.01964 |       649
   17 |   0.01006 |   0.78261 |   0.01987 |       690
   18 |   0.01016 |   0.78261 |   0.02007 |       722
   19 |   0.01027 |   0.78261 |   0.02028 |       767
   20 |   0.01039 |   0.78261 |   0.02051 |       808
   21 |   0.01051 |   0.78261 |   0.02074 |       844
   22 |   0.01060 |   0.78261 |   0.02092 |       878
   23 |   0.01076 |   0.78261 |   0.02123 |       921
   24 |   0.01098 |   0.78261 |   0.02165 |       970
   25 |   0.01125 |   0.78261 |   0.02218 |      1027
   26 |   0.01161 |   0.78261 |   0.02289 |      1097
   27 |   0.01203 |   0.78261 |   0.02370 |      1168
   28 |   0.01255 |   0.78261 |   0.02471 |      1243
   29 |   0.01318 |   0.78261 |   0.02592 |      1323
   30 |   0.01385 |   0.78261 |   0.02721 |      1404
   31 |   0.01391 |   0.73913 |   0.02731 |      1501
   32 |   0.01372 |   0.69565 |   0.02691 |      1574
   33 |   0.01468 |   0.69565 |   0.02875 |      1662
   34 |   0.01559 |   0.69565 |   0.03051 |      1734
   35 |   0.01523 |   0.65217 |   0.02976 |      1792
   36 |   0.01592 |   0.65217 |   0.03109 |      1850
   37 |   0.01665 |   0.65217 |   0.03247 |      1904
   38 |   0.01730 |   0.65217 |   0.03371 |      1949
   39 |   0.01775 |   0.65217 |   0.03456 |      1987
   40 |   0.01707 |   0.60870 |   0.03321 |      2029
   41 |   0.01768 |   0.60870 |   0.03436 |      2076
   42 |   0.01823 |   0.60870 |   0.03540 |      2112
   43 |   0.01752 |   0.56522 |   0.03399 |      2158
   44 |   0.01811 |   0.56522 |   0.03509 |      2195
   45 |   0.01892 |   0.56522 |   0.03662 |      2237
   46 |   0.01970 |   0.56522 |   0.03807 |      2281
   47 |   0.02009 |   0.56522 |   0.03881 |      2316
   48 |   0.02050 |   0.56522 |   0.03957 |      2345
   49 |   0.02128 |   0.56522 |   0.04101 |      2394
   50 |   0.02200 |   0.56522 |   0.04235 |      2435
   51 |   0.02245 |   0.56522 |   0.04319 |      2472
   52 |   0.02135 |   0.52174 |   0.04103 |      2505
   53 |   0.02214 |   0.52174 |   0.04248 |      2547
   54 |   0.02321 |   0.52174 |   0.04444 |      2606
   55 |   0.02414 |   0.52174 |   0.04615 |      2656
   56 |   0.02500 |   0.52174 |   0.04771 |      2700
   57 |   0.02564 |   0.52174 |   0.04888 |      2734
   58 |   0.02203 |   0.43478 |   0.04193 |      2758
   59 |   0.02315 |   0.43478 |   0.04396 |      2802
   60 |   0.02370 |   0.43478 |   0.04494 |      2838
   61 |   0.02206 |   0.39130 |   0.04176 |      2880
   62 |   0.02267 |   0.39130 |   0.04286 |      2913
   63 |   0.02344 |   0.39130 |   0.04423 |      2956
   64 |   0.02446 |   0.39130 |   0.04604 |      2995
   65 |   0.02550 |   0.39130 |   0.04787 |      3038
   66 |   0.02687 |   0.39130 |   0.05028 |      3078
   67 |   0.02752 |   0.39130 |   0.05143 |      3112
   68 |   0.02229 |   0.30435 |   0.04154 |      3152
   69 |   0.02007 |   0.26087 |   0.03727 |      3196
   70 |   0.02091 |   0.26087 |   0.03871 |      3246
   71 |   0.02230 |   0.26087 |   0.04110 |      3317
   72 |   0.02299 |   0.26087 |   0.04225 |      3348
   73 |   0.02381 |   0.26087 |   0.04364 |      3382
   74 |   0.02510 |   0.26087 |   0.04580 |      3418
   75 |   0.02597 |   0.26087 |   0.04724 |      3445
   76 |   0.02703 |   0.26087 |   0.04898 |      3475
   77 |   0.02804 |   0.26087 |   0.05063 |      3507
   78 |   0.02415 |   0.21739 |   0.04348 |      3541
   79 |   0.02463 |   0.21739 |   0.04425 |      3568
   80 |   0.02577 |   0.21739 |   0.04608 |      3602
   81 |   0.02674 |   0.21739 |   0.04762 |      3630
   82 |   0.02747 |   0.21739 |   0.04878 |      3647
   83 |   0.02286 |   0.17391 |   0.04040 |      3664
   84 |   0.02367 |   0.17391 |   0.04167 |      3680
   85 |   0.02367 |   0.17391 |   0.04167 |      3694
   86 |   0.02484 |   0.17391 |   0.04348 |      3720
   87 |   0.02564 |   0.17391 |   0.04469 |      3739
   88 |   0.02667 |   0.17391 |   0.04624 |      3757
   89 |   0.02759 |   0.17391 |   0.04762 |      3769
   90 |   0.02857 |   0.17391 |   0.04908 |      3791
   91 |   0.03030 |   0.17391 |   0.05161 |      3803
   92 |   0.03125 |   0.17391 |   0.05298 |      3823
   93 |   0.02381 |   0.13043 |   0.04027 |      3830
   94 |   0.02500 |   0.13043 |   0.04196 |      3840
   95 |   0.01754 |   0.08696 |   0.02920 |      3850
   96 |   0.01754 |   0.08696 |   0.02920 |      3853
   97 |   0.01818 |   0.08696 |   0.03008 |      3864
   98 |   0.01818 |   0.08696 |   0.03008 |      3870
   99 |   0.01835 |   0.08696 |   0.03030 |      3873
  100 |   0.01852 |   0.08696 |   0.03053 |      3878
  101 |   0.01869 |   0.08696 |   0.03077 |      3883
  102 |   0.01923 |   0.08696 |   0.03150 |      3888
  103 |   0.01980 |   0.08696 |   0.03226 |      3895
  104 |   0.01980 |   0.08696 |   0.03226 |      3897
  105 |   0.01980 |   0.08696 |   0.03226 |      3898
  106 |   0.02000 |   0.08696 |   0.03252 |      3900
  107 |   0.02000 |   0.08696 |   0.03252 |      3900
  108 |   0.01010 |   0.04348 |   0.01639 |      3905
  109 |   0.01010 |   0.04348 |   0.01639 |      3908
  110 |   0.01042 |   0.04348 |   0.01681 |      3912
  111 |   0.01042 |   0.04348 |   0.01681 |      3915
  112 |   0.01042 |   0.04348 |   0.01681 |      3916
  113 |   0.01053 |   0.04348 |   0.01695 |      3918
  114 |   0.01064 |   0.04348 |   0.01709 |      3920
  115 |   0.01064 |   0.04348 |   0.01709 |      3921
  116 |   0.01075 |   0.04348 |   0.01724 |      3925
  117 |   0.01075 |   0.04348 |   0.01724 |      3926
  118 |   0.01075 |   0.04348 |   0.01724 |      3926
  119 |   0.01075 |   0.04348 |   0.01724 |      3926
  120 |   0.01075 |   0.04348 |   0.01724 |      3926
  121 |   0.01075 |   0.04348 |   0.01724 |      3928
  122 |   0.01087 |   0.04348 |   0.01739 |      3930
  123 |   0.01099 |   0.04348 |   0.01754 |      3933
  124 |   0.01099 |   0.04348 |   0.01754 |      3934
  125 |   0.01099 |   0.04348 |   0.01754 |      3934
  126 |   0.01099 |   0.04348 |   0.01754 |      3934
  127 |   0.01111 |   0.04348 |   0.01770 |      3937
  128 |   0.01124 |   0.04348 |   0.01786 |      3938
  129 |   0.01124 |   0.04348 |   0.01786 |      3938
  130 |   0.01124 |   0.04348 |   0.01786 |      3939
  131 |   0.01124 |   0.04348 |   0.01786 |      3939
  132 |   0.01124 |   0.04348 |   0.01786 |      3939
  133 |   0.01124 |   0.04348 |   0.01786 |      3940
  134 |   0.01124 |   0.04348 |   0.01786 |      3940
  135 |   0.01124 |   0.04348 |   0.01786 |      3940
  136 |   0.01124 |   0.04348 |   0.01786 |      3940
  137 |   0.01124 |   0.04348 |   0.01786 |      3940
  138 |   0.01124 |   0.04348 |   0.01786 |      3940
  139 |   0.01124 |   0.04348 |   0.01786 |      3940
  140 |   0.01124 |   0.04348 |   0.01786 |      3940
  141 |   0.01124 |   0.04348 |   0.01786 |      3941
  142 |   0.01124 |   0.04348 |   0.01786 |      3941
  143 |   0.01124 |   0.04348 |   0.01786 |      3941
  144 |   0.01124 |   0.04348 |   0.01786 |      3941
  145 |   0.01124 |   0.04348 |   0.01786 |      3941
  146 |   0.01124 |   0.04348 |   0.01786 |      3941
  147 |   0.01124 |   0.04348 |   0.01786 |      3941
  148 |   0.01124 |   0.04348 |   0.01786 |      3941
  149 |   0.01124 |   0.04348 |   0.01786 |      3941
  150 |   0.01124 |   0.04348 |   0.01786 |      3941
  151 |   0.01124 |   0.04348 |   0.01786 |      3941
  152 |   0.01111 |   0.04348 |   0.01770 |      3940
  153 |   0.01124 |   0.04348 |   0.01786 |      3941
  154 |   0.01124 |   0.04348 |   0.01786 |      3941
  155 |   0.01124 |   0.04348 |   0.01786 |      3941
  156 |   0.00000 |   0.00000 |   0.00000 |      3942
  157 |   0.00000 |   0.00000 |   0.00000 |      3942
  158 |   0.00000 |   0.00000 |   0.00000 |      3942
  159 |   0.00000 |   0.00000 |   0.00000 |      3942
  160 |   0.00000 |   0.00000 |   0.00000 |      3942
  161 |   0.00000 |   0.00000 |   0.00000 |      3942
  162 |   0.00000 |   0.00000 |   0.00000 |      3942
  163 |   0.00000 |   0.00000 |   0.00000 |      3942
  164 |   0.00000 |   0.00000 |   0.00000 |      3942
  165 |   0.00000 |   0.00000 |   0.00000 |      3942
  166 |   0.00000 |   0.00000 |   0.00000 |      3942
  167 |   0.00000 |   0.00000 |   0.00000 |      3942
  168 |   0.00000 |   0.00000 |   0.00000 |      3942
  169 |   0.00000 |   0.00000 |   0.00000 |      3942
  170 |   0.00000 |   0.00000 |   0.00000 |      3942
  171 |   0.00000 |   0.00000 |   0.00000 |      3942
  172 |   0.00000 |   0.00000 |   0.00000 |      3942
  173 |   0.00000 |   0.00000 |   0.00000 |      3942
  174 |   0.00000 |   0.00000 |   0.00000 |      3942
  175 |   0.00000 |   0.00000 |   0.00000 |      3942
  176 |   0.00000 |   0.00000 |   0.00000 |      3942
  177 |   0.00000 |   0.00000 |   0.00000 |      3942
  178 |   0.00000 |   0.00000 |   0.00000 |      3942
  179 |   0.00000 |   0.00000 |   0.00000 |      3942
  180 |   0.00000 |   0.00000 |   0.00000 |      3942
  181 |   0.00000 |   0.00000 |   0.00000 |      3942
  182 |   0.00000 |   0.00000 |   0.00000 |      3942
  183 |   0.00000 |   0.00000 |   0.00000 |      3942
  184 |   0.00000 |   0.00000 |   0.00000 |      3942
  185 |   0.00000 |   0.00000 |   0.00000 |      3942
  186 |   0.00000 |   0.00000 |   0.00000 |      3942
  187 |   0.00000 |   0.00000 |   0.00000 |      3942
  188 |   0.00000 |   0.00000 |   0.00000 |      3942
  189 |   0.00000 |   0.00000 |   0.00000 |      3942
  190 |   0.00000 |   0.00000 |   0.00000 |      3942
  191 |   0.00000 |   0.00000 |   0.00000 |      3942
  192 |   0.00000 |   0.00000 |   0.00000 |      3942
  193 |   0.00000 |   0.00000 |   0.00000 |      3942
  194 |   0.00000 |   0.00000 |   0.00000 |      3942
  195 |   0.00000 |   0.00000 |   0.00000 |      3942
  196 |   0.00000 |   0.00000 |   0.00000 |      3942
  197 |   0.00000 |   0.00000 |   0.00000 |      3942
  198 |   0.00000 |   0.00000 |   0.00000 |      3942
  199 |   0.00000 |   0.00000 |   0.00000 |      3942
  200 |   0.00000 |   0.00000 |   0.00000 |      3942

[Best Point: Recall 유지하며 Precision 최대]
Threshold = 30
Precision = 0.01385
Recall = 0.78261
F1 = 0.02721
Removed Functions = 1404
